20297
20298
57098
57100
59509
69619
71978
124553
152942
153967
211850
222078
222079
222083
222091
222093
222095
222097
222099
222101
222103
222105
222124
250479
250480
250485
268552
268553
268554
273904
324246
333027
349908
354268
360275
360302
360304
360306
360315
360333
368275
368278
386390
386419
386421
414639
419672
434342
434343
434346
488791
488814
489013
510943
510945
510947
526733
535478
541186
541195
541196
543775
543792
544105
562030
562032
562034
562036
562038
562040
564300
564425
565674
565676
566476
568260
568263
575523
575525
575527
575529
575531
575533
575535
575537
575539
575541
575543
580503
581889
590101
590102
590103
590105
590173
592819
592821
592823
592825
592827
593356
593358
593360
593362
594696
601586
606782
612219
612221
612862
612864
612883
616176
635969
636403
682575
717829
717831
