111601
111602
111603
111604
111836
111837
118900
118901
119006
119007
119018
119019
125689
125692
137987
137988
14482
154065
154066
154390
154391
156427
156428
188788
188878
188879
208758
208759
208764
208765
222084
249765
268555
273747
273839
274581
288485
288528
30159
30160
30167
30168
334164
334165
344035
344036
349936
351265
351266
35385
35386
35579
35580
368266
373786
373787
386425
386426
386534
386535
38873
38874
38875
38876
397821
397822
408434
408435
410319
434391
437509
437510
489004
489318
489320
490138
490139
490198
490199
490224
490225
490230
490231
509983
514498
514503
514512
525964
525965
526139
526140
526717
527542
541169
542400
542434
542435
542457
542544
542545
542556
542805
542806
543105
543106
543241
543242
543249
543250
543328
543329
543824
543825
544053
544054
544075
544098
544099
544119
544120
544489
544490
544491
544492
544528
544529
544880
544881
545912
545913
545916
545939
545940
545950
545951
545956
545957
546169
546170
546171
546172
546193
546194
546351
546352
560802
560803
560806
560807
562132
562133
562134
562135
562290
562291
562292
562293
562421
562422
563101
563102
563132
563133
564139
564140
564298
564299
564302
564303
564382
564383
564880
564881
564924
564925
565000
565001
565141
565142
565212
565213
565515
565516
565695
565696
565755
565756
566049
566050
566205
566206
566378
566379
566380
566381
567093
567094
568028
568029
568061
568062
568148
568149
568191
568192
568375
568376
568492
568493
588048
588049
588050
588051
590107
590108
590111
590112
590150
590151
590152
590704
590705
592437
592438
592439
592440
592473
592474
592523
592524
592530
592596
592597
592612
592613
592633
592634
592639
592640
592643
592644
592659
592660
592663
592664
592665
592666
592793
592794
592795
592796
592848
592849
593113
593114
593212
593213
593218
593219
593288
593289
593316
593317
593530
593531
594557
594558
606879
612839
612848
612849
612850
612851
612939
612940
614587
614588
614622
614623
615090
615091
615195
615196
615197
615198
615203
615204
615209
615210
615242
615243
615468
615469
615699
615700
615806
615807
615834
615835
616177
623412
623413
627706
627707
631140
631167
631631
635708
635964
664766
664767
678805
678806
682565
682566
72026
725782
725783
725845
725846
735183
735184
742647
742648
83278
83279
90348
