10742
10743
111601
111602
111603
111604
111609
111610
111657
111658
111659
111660
111824
111825
111826
111827
111832
111833
111834
111835
111836
111837
118900
118901
118911
118912
118949
118950
119002
119003
119004
119005
119006
119007
119012
119013
119014
119015
119016
119017
119018
119019
119073
119074
124553
124554
125689
125692
137985
137986
137987
137988
14482
152942
152943
153966
153967
154036
154037
154038
154039
154063
154064
154065
154066
154068
154069
154390
154391
156427
156428
156429
156430
156431
156432
188761
188762
188788
188878
188879
20297
20298
208754
208755
208756
208757
208758
208759
208764
208765
211849
211850
222078
222079
222082
222083
222084
222091
222092
222093
222094
222095
222096
222097
222098
222099
222100
222101
222102
222103
222104
222105
222124
246284
249765
250479
250480
250485
250486
268552
268553
268554
268555
273747
273839
273904
274451
274581
288485
288528
30159
30160
30161
30162
30163
30164
30167
30168
324246
327495
327496
333027
334164
334165
344035
344036
349794
349796
349797
349803
349867
349908
349935
349936
351265
351266
35385
35386
354268
35579
35580
35581
35582
358002
358003
360274
360275
360277
360301
360302
360303
360304
360305
360306
360315
360333
368266
368267
368268
368273
368274
368275
368278
368298
368299
368324
368325
368412
368413
373786
373787
386390
386391
386416
386417
386419
386420
386421
386422
386423
386424
386425
386426
386486
386497
386534
386535
386536
386537
38873
38874
38875
38876
397821
397822
397834
408430
408431
408432
408433
408434
408435
410319
410320
410321
410847
412390
414625
414626
414639
418211
418212
419670
419672
419680
419681
434338
434341
434342
434343
434346
434390
434391
434393
434396
437509
437510
470454
474278
474288
474290
474291
474330
488791
488792
488805
488806
488814
488815
488826
488978
488988
488989
489004
489013
489318
489320
490138
490139
490194
490195
490196
490197
490198
490199
490224
490225
490230
490231
490232
490233
490234
490235
509982
509983
509998
510943
510944
510945
510946
510947
510948
514497
514498
514503
514512
514557
514560
514584
525964
525965
526139
526140
526141
526142
526143
526144
526145
526146
526147
526148
526717
526733
526924
526925
526926
526927
526928
526929
527024
527025
527541
527542
535478
539525
539526
539528
539533
541169
541170
541171
541186
541187
541195
541196
541203
542400
542434
542435
542443
542444
542457
542544
542545
542546
542547
542556
542805
542806
543103
543104
543105
543106
543241
543242
543249
543250
543251
543252
543328
543329
543330
543331
543332
543486
543487
543774
543775
543792
543793
543821
543822
543824
543825
543832
543833
543854
544034
544035
544036
544037
544044
544045
544053
544054
544072
544073
544075
544098
544099
544100
544101
544102
544103
544104
544105
544119
544120
544121
544122
544123
544124
544135
544489
544490
544491
544492
544498
544528
544529
544552
544561
544562
544568
544569
544880
544881
544885
544886
545906
545907
545912
545913
545916
545924
545925
545935
545936
545937
545938
545939
545940
545946
545947
545948
545949
545950
545951
545952
545953
545954
545955
545956
545957
546169
546170
546171
546172
546193
546194
546351
546352
556007
556008
557269
560784
560785
560786
560787
560788
560789
560802
560803
560806
560807
561950
561951
561952
561953
561959
561960
562008
562009
562029
562030
562031
562032
562033
562034
562035
562036
562037
562038
562039
562040
562100
562101
562132
562133
562134
562135
562290
562291
562292
562293
562421
562422
563101
563102
563132
563133
564006
564007
564131
564132
564133
564134
564139
564140
564141
564142
564298
564299
564300
564301
564302
564303
564375
564376
564382
564383
564418
564419
564420
564421
564422
564423
564424
564425
564880
564881
564882
564883
564884
564885
564924
564925
564963
564964
564996
564997
564998
564999
565000
565001
565141
565142
565212
565213
565214
565215
565216
565217
565515
565516
565517
565518
565519
565520
565674
565675
565676
565677
565695
565696
565697
565698
565755
565756
565757
565758
566045
566046
566047
566048
566049
566050
566051
566052
566053
566054
566205
566206
566368
566369
566370
566371
566378
566379
566380
566381
566419
566420
566424
566425
566474
566475
566476
566477
566493
566494
566495
566496
567093
567094
567095
567096
567097
567098
568028
568029
568061
568062
568148
568149
568189
568190
568191
568192
568252
568260
568263
568371
568372
568373
568374
568375
568376
568385
568386
568492
568493
568494
568495
568496
568497
57098
57099
57100
57101
571684
571685
575523
575524
575525
575526
575527
575528
575529
575530
575531
575532
575533
575534
575535
575536
575537
575538
575539
575540
575541
575542
575543
575544
575547
580502
580503
581888
581889
588034
588035
588048
588049
588050
588051
590101
590102
590103
590104
590105
590106
590107
590108
590111
590112
590113
590114
590138
590139
590148
590149
590150
590151
590152
590153
590154
590173
590174
590704
590705
590708
591352
592437
592438
592439
592440
592459
592460
592473
592474
592517
592521
592522
592523
592524
592525
592526
592527
592528
592529
592530
592531
592596
592597
592612
592613
592633
592634
592639
592640
592643
592644
592645
592646
592647
592648
592649
592650
592651
592652
592653
592654
592655
592656
592657
592658
592659
592660
592663
592664
592665
592666
592793
592794
592795
592796
592818
592819
592820
592821
592822
592823
592824
592825
592826
592827
592848
592849
592850
592851
592852
592853
592892
592921
592922
592923
592924
593113
593114
593212
593213
593218
593219
593288
593289
593290
593291
593314
593315
593316
593317
593345
593346
593352
593353
593355
593356
593357
593358
593359
593360
593361
593362
593530
593531
593539
593540
593541
594166
594167
594168
594169
594557
594558
594696
59509
601581
601585
601586
606782
606785
606879
606882
612219
612221
612839
612847
612848
612849
612850
612851
612854
612855
612862
612863
612864
612865
612878
612879
612880
612883
612884
612939
612940
612941
612942
612943
612944
614587
614588
614622
614623
614664
614665
614666
615002
615003
615090
615091
615097
615098
615099
615100
615101
615102
615174
615175
615181
615182
615183
615184
615185
615186
615193
615194
615195
615196
615197
615198
615199
615200
615201
615202
615203
615204
615209
615210
615242
615243
615464
615465
615466
615467
615468
615469
615478
615479
615699
615700
615806
615807
615834
615835
616176
616177
623075
623076
623077
623078
623412
623413
627706
627707
631138
631140
631167
631631
635708
635963
635964
635969
636403
636404
636405
651432
658764
664759
664760
664766
664767
678805
678806
682565
682566
682575
682588
682589
682590
69614
69618
69619
713762
713763
713766
713767
713768
713769
717783
717784
717785
717786
717788
717828
717829
717830
717831
71978
72026
72027
725782
725783
725845
725846
725847
725848
731154
731155
735183
735184
742647
742648
742649
742650
83278
83279
86177
90348
94050
94051
