10742
10743
111609
111610
111657
111658
111824
111825
111826
111827
111832
111833
118911
118912
119004
119005
119012
119013
119014
119015
119016
119017
119073
119074
137985
137986
154068
154069
156429
156430
188761
188762
208756
208757
246284
274451
30161
30162
30163
30164
349796
349797
35581
35582
358002
368267
368274
368413
386423
386424
386486
386537
408432
408433
410321
410847
412390
414625
414626
434390
470454
474288
474330
488792
488806
488826
488978
488988
488989
490196
490197
490232
490233
509982
509998
514497
514560
514584
526141
526142
526147
526148
526924
526925
526926
526927
526928
526929
527024
527025
527541
539525
539528
541170
542443
542444
542546
542547
543103
543104
543251
543252
543330
543331
543486
543487
543821
543822
543832
543833
543854
544034
544035
544036
544037
544100
544101
544121
544122
544498
544885
544886
545906
545907
545937
545938
545948
545949
545954
545955
556007
556008
557269
560784
560785
560786
560787
560788
560789
561950
561951
562008
562009
564006
564007
564133
564134
564141
564142
564375
564376
564418
564419
564420
564421
564882
564883
564963
564964
564998
564999
565214
565215
565517
565518
565697
565698
565757
565758
566047
566048
566051
566052
566493
566494
567095
567096
568189
568190
568252
568373
568374
568385
568386
568494
568495
571684
571685
588034
590113
590114
590138
590139
590149
590153
590708
592459
592460
592517
592521
592522
592525
592526
592529
592531
592645
592646
592649
592650
592651
592652
592653
592654
592655
592656
592657
592658
592850
592851
592892
592921
592922
593290
593291
593314
593315
593539
593540
594168
594169
601581
612854
612855
612879
612941
612942
614664
615097
615098
615099
615100
615101
615102
615185
615186
615193
615194
615199
615200
615201
615202
615466
615467
623075
623076
631138
635963
636404
658764
664759
664760
682589
682590
713766
713767
713768
713769
717785
717786
72027
725847
725848
742649
742650
94050
94051
