111659
111660
111834
111835
118949
118950
119002
119003
124554
152943
153966
154036
154037
154038
154039
154063
154064
156431
156432
208754
208755
211849
222082
222092
222094
222096
222098
222100
222102
222104
250486
327495
327496
349794
349803
349867
349935
358003
360274
360277
360301
360303
360305
368268
368273
368298
368299
368324
368325
368412
386391
386416
386417
386420
386422
386497
386536
397834
408430
408431
410320
418211
418212
419670
419680
419681
434338
434341
434393
434396
474278
474290
474291
488805
488815
490194
490195
490234
490235
510944
510946
510948
514557
526143
526144
526145
526146
539526
539533
541171
541187
541203
543332
543774
543793
544044
544045
544072
544073
544102
544103
544104
544123
544124
544135
544552
544561
544562
544568
544569
545924
545925
545935
545936
545946
545947
545952
545953
561952
561953
561959
561960
562029
562031
562033
562035
562037
562039
562100
562101
564131
564132
564301
564422
564423
564424
564884
564885
564996
564997
565216
565217
565519
565520
565675
565677
566045
566046
566053
566054
566368
566369
566370
566371
566419
566420
566424
566425
566474
566475
566477
566495
566496
567097
567098
568371
568372
568496
568497
57099
57101
575524
575526
575528
575530
575532
575534
575536
575538
575540
575542
575544
575547
580502
581888
588035
590104
590106
590148
590154
590174
591352
592527
592528
592647
592648
592818
592820
592822
592824
592826
592852
592853
592923
592924
593345
593346
593352
593353
593355
593357
593359
593361
593541
594166
594167
601585
606785
606882
612847
612863
612865
612878
612880
612884
612943
612944
614665
614666
615002
615003
615174
615175
615181
615182
615183
615184
615464
615465
615478
615479
623077
623078
636405
651432
682588
69614
69618
713762
713763
717783
717784
717788
717828
717830
731154
731155
86177
