111659
111660
111834
111835
118949
118950
119002
119003
124553
124554
152942
152943
153966
153967
154036
154037
154038
154039
154063
154064
156431
156432
20297
20298
208754
208755
211849
211850
222078
222079
222082
222083
222091
222092
222093
222094
222095
222096
222097
222098
222099
222100
222101
222102
222103
222104
222105
222124
250479
250480
250485
250486
268552
268553
268554
273904
324246
327495
327496
333027
349794
349803
349867
349908
349935
354268
358003
360274
360275
360277
360301
360302
360303
360304
360305
360306
360315
360333
368268
368273
368275
368278
368298
368299
368324
368325
368412
386390
386391
386416
386417
386419
386420
386421
386422
386497
386536
397834
408430
408431
410320
414639
418211
418212
419670
419672
419680
419681
434338
434341
434342
434343
434346
434393
434396
474278
474290
474291
488791
488805
488814
488815
489013
490194
490195
490234
490235
510943
510944
510945
510946
510947
510948
514557
526143
526144
526145
526146
526733
535478
539526
539533
541171
541186
541187
541195
541196
541203
543332
543774
543775
543792
543793
544044
544045
544072
544073
544102
544103
544104
544105
544123
544124
544135
544552
544561
544562
544568
544569
545924
545925
545935
545936
545946
545947
545952
545953
561952
561953
561959
561960
562029
562030
562031
562032
562033
562034
562035
562036
562037
562038
562039
562040
562100
562101
564131
564132
564300
564301
564422
564423
564424
564425
564884
564885
564996
564997
565216
565217
565519
565520
565674
565675
565676
565677
566045
566046
566053
566054
566368
566369
566370
566371
566419
566420
566424
566425
566474
566475
566476
566477
566495
566496
567097
567098
568260
568263
568371
568372
568496
568497
57098
57099
57100
57101
575523
575524
575525
575526
575527
575528
575529
575530
575531
575532
575533
575534
575535
575536
575537
575538
575539
575540
575541
575542
575543
575544
575547
580502
580503
581888
581889
588035
590101
590102
590103
590104
590105
590106
590148
590154
590173
590174
591352
592527
592528
592647
592648
592818
592819
592820
592821
592822
592823
592824
592825
592826
592827
592852
592853
592923
592924
593345
593346
593352
593353
593355
593356
593357
593358
593359
593360
593361
593362
593541
594166
594167
594696
59509
601585
601586
606782
606785
606882
612219
612221
612847
612862
612863
612864
612865
612878
612880
612883
612884
612943
612944
614665
614666
615002
615003
615174
615175
615181
615182
615183
615184
615464
615465
615478
615479
616176
623077
623078
635969
636403
636405
651432
682575
682588
69614
69618
69619
713762
713763
717783
717784
717788
717828
717829
717830
717831
71978
731154
731155
86177
