5422
5423
5424
5425
11960
49402
49575
49578
49580
49582
49583
49628
49630
49632
49634
49636
49638
49640
49642
51920
52048
52231
52643
52645
52647
61910
100269
100270
100290
100294
101888
101889
101890
106210
109436
155109
155112
178323
178325
178327
178329
178357
178358
178360
178361
178381
202039
222438
228094
244671
244672
256012
258622
258918
267117
267118
267119
267120
267121
305076
305079
328724
328733
328738
328743
356074
376751
390546
390548
404266
404366
404367
438691
438698
438699
448148
448149
448173
448181
448219
448226
448239
448240
448248
448253
448306
478175
555241
555242
606262
624443
624444
668917
668963
687365
706503
715095
716563
717132
717178
717179
717335
717337
717345
748974
