# deadlock links excluded from the vehicle-hours metrics
# criterion: median background speed < 1.0 km/h AND < 2% of the link free speed AND mean time per traversal > 60 s AND at least 5 background traversals
# measured on: ipft_rotterdam_longbase_offpeak (LONGBASE, no freight, no vans)
# 539 links, 13363.3 background vehicle-hours
144793
144950
244671
52022
146357
144441
330713
660141
339337
395105
324915
612842
548075
324265
176011
352299
143890
570390
558802
221071
590868
617610
519541
243218
195060
555047
743242
571870
50468
668907
158295
680841
139034
157976
542434
298509
608229
104231
24134
687716
597515
630136
512046
82429
454746
424579
104081
510630
453851
734558
55762
204068
225757
176565
89433
572034
43859
548869
537408
619129
177224
555151
523231
633220
225367
158003
717920
442884
505206
598776
661344
157852
677830
298547
370706
680520
615414
571097
388636
486052
364372
532382
491442
183867
198462
168337
357115
714059
30251
266077
681279
48420
439013
695411
343664
579836
339353
662727
183859
613348
157888
612572
108128
111110
505973
751107
72931
230294
507094
452085
34278
609488
456034
196571
647772
223327
363458
364393
462525
15498
660119
566500
137269
463595
314634
382361
25554
454004
460406
661350
496310
549960
751939
579584
305528
276758
243368
52993
426844
96798
335056
362987
344188
553126
485344
666005
227541
688826
207973
458219
130958
386232
654570
53865
93069
29199
667893
26133
313630
686264
616297
88509
701992
544039
646520
512361
725845
662863
315019
27861
1101
370455
129700
654966
428598
190287
219900
273454
172677
10687
405800
425959
201058
571731
650055
381392
702012
312715
592218
697318
264028
631052
364507
474965
6653
553752
14736
552951
73326
324731
426148
725782
503127
519674
701975
649641
582657
61406
619078
186686
466853
196301
509097
329204
168247
484370
405751
741901
343076
365573
359761
370463
271969
739383
406960
669753
206029
411434
311440
173743
518425
17232
101216
344080
580595
487686
477307
213960
111657
614033
122993
491224
10529
165265
619031
675846
377389
575142
352348
83619
656640
154358
15140
691423
497041
688553
472119
561150
145780
362129
429277
31362
401962
221001
117485
654572
377002
709760
126622
643293
579829
4970
555036
157082
412102
426146
267331
25840
670612
536431
483994
625638
495496
738150
318927
77326
314143
268913
115083
6881
515385
512349
161624
62195
140149
716747
133730
75212
10958
291639
405734
704994
531148
479093
285452
122927
572712
92866
732288
730388
20958
639790
198592
6745
154170
428318
593576
685018
325111
459229
139523
221911
137658
372004
165968
579812
499743
583046
343361
47060
707203
73080
25702
222938
132336
70051
717342
24893
53135
272309
693043
570184
399379
515384
145817
385097
541816
531299
466943
249161
578100
720441
29171
34301
392473
677809
510226
707622
172051
679194
430751
50506
55222
327035
552139
409988
421872
29120
74204
690778
515383
348653
668858
744860
688828
717466
419732
590892
41033
145725
61330
595771
702851
501796
741344
342767
129148
435696
195719
519970
107431
617505
515382
711116
318864
598094
690047
246471
433023
352891
535862
43694
22759
345258
475837
597662
449032
374315
80985
657170
300857
93419
374367
647255
478077
690697
16428
463204
506614
579497
207560
191587
585410
232855
131893
574341
354182
35385
642199
28267
371105
255590
104510
244283
511875
137765
3559
684598
57895
513458
700204
384871
297706
424438
198563
122511
251920
507048
68679
433029
557502
471111
131623
31371
685052
233050
74548
256387
580266
559486
17392
64435
631175
452412
526789
78117
148556
690823
101059
166374
141634
523510
602696
737520
73191
55212
716699
153699
687363
127432
729207
55568
455718
226183
509081
65415
10301
65655
673673
57236
406822
28298
671212
582697
285932
256419
691561
475537
716235
598417
111609
126515
616697
107591
79455
526173
615141
596778
747902
164435
397745
143707
62720
690579
370550
346416
255227
338762
358356
617386
472056
381381
154306
564794
158811
530523
362611
11171
76641
109472
282699
52039
352959
243541
139581
514540
713570
304960
52040
