# deadlock links excluded from the vehicle-hours metrics
# criterion: median background speed < 1.0 km/h AND < 2% of the link free speed AND mean time per traversal > 60 s AND at least 5 background traversals
# measured on: ipft_rotterdam_longbase (LONGBASE, no freight, no vans)
# 1140 links, 55867.2 background vehicle-hours
144793
144950
144694
515380
363094
75314
274721
240672
144948
281475
244671
685052
150858
146357
330713
20595
52022
660141
144441
143841
395105
339337
352299
355040
324915
177224
617610
519541
612842
717342
588630
89433
324265
558802
548075
243218
20607
542434
571870
143890
157888
597515
555151
463595
743242
176011
555047
590868
104231
570390
734558
456034
357115
188042
571097
104081
512046
680841
668907
195060
221071
505206
677830
50468
154358
579836
298509
512361
426596
50828
183867
608229
609488
158003
82429
108128
612572
466853
687716
18577
276758
509431
266077
509097
176565
34278
532382
298547
681279
600170
370706
55762
454746
628825
265513
314634
30251
705973
43859
405800
388636
442884
486052
505973
343664
48420
183859
225757
172677
161624
31362
650055
364372
751107
426146
516800
139034
660119
453851
426148
98359
571731
701975
393364
661344
359761
633220
695411
462525
305528
678195
381392
674855
24134
302229
228733
646520
20368
74204
490224
615414
223327
101179
61406
662727
73326
25554
537408
439013
578100
424438
225367
598776
717920
83619
374367
661350
120105
130958
741899
548869
501924
198462
702012
96908
335056
187867
491506
501796
245816
317362
391349
264028
553126
6653
227541
739383
458219
165265
96798
567084
172330
405751
339353
519970
204068
157852
29199
515385
225009
454892
72931
741901
640450
465434
647253
426844
454004
129700
619129
582657
683946
424579
460406
654570
230294
272352
298513
29786
291639
579584
341068
406960
201058
585050
370609
315485
549960
448005
649641
194304
53865
535862
484370
22759
9173
686565
243368
619756
168165
496310
302185
485344
639689
399015
374448
155658
453444
498187
299740
319507
591901
474965
498330
370455
112825
101216
14736
512349
558043
137269
300857
497041
339243
562128
575142
616297
552951
680520
331970
114843
452085
553752
402813
102474
651403
229055
491224
337919
27861
664610
511931
403328
715592
580466
669753
27311
701992
285452
2833
313630
173743
475837
582760
339556
491442
362129
260053
579829
700771
707203
486724
654966
9463
352853
222938
500225
723080
344080
613348
25306
96944
435565
725440
25095
691423
115083
219900
627964
596317
704993
110858
14139
370463
24893
77550
507094
369336
499743
654572
157082
196571
555036
207973
662863
543396
700452
689880
289934
446958
41033
200269
639972
512482
157999
15498
619031
28267
716747
399189
744954
88509
21639
646394
357592
13125
559486
122927
583131
261171
394584
142562
168136
344188
126172
10687
428598
169193
475618
592218
654015
228209
677809
503511
111657
581771
26133
169717
692558
556024
364507
255206
154852
15140
477307
464904
1101
75212
229065
504758
45296
343133
423838
377389
272309
369867
361092
92487
280583
740076
446335
549476
643293
412102
645019
515636
680438
688798
580266
597662
148183
725845
730907
212643
617386
140149
570184
357556
660111
515384
638287
466566
619100
272348
600119
515383
128355
700910
515382
729207
266105
386232
514201
688553
556962
709760
350423
562777
117485
186686
78089
515381
297498
346044
503319
206029
600803
518772
13144
42766
316176
396526
595771
693043
612904
547565
17232
651368
128347
454748
221001
625507
704505
579812
465944
14768
367325
13127
393797
324049
580595
244461
336763
413918
725782
336000
273454
447555
367501
640706
39129
598194
716235
166806
355881
335844
34301
295722
617505
425959
478077
457490
605423
339357
352983
318927
55222
158297
373167
544039
409988
313430
92866
377002
36206
394425
150106
538248
365573
156322
555241
29171
277389
656640
391147
133730
410955
146521
489135
428318
5648
298376
503127
487686
61330
547087
198913
730388
6881
276548
6745
314146
285193
546627
142292
716228
328181
73760
271462
142684
468020
246573
691293
494706
198563
289728
196301
442010
483994
512670
299748
224208
271969
405541
109225
606032
75352
252687
10202
11233
610600
561364
516116
705050
122993
319832
657170
66585
170045
372004
251593
679194
331215
433029
392742
589504
695155
78960
691378
327035
707622
562294
520740
116016
45919
510213
290231
356743
152445
353136
329204
102780
154170
354182
382733
352348
670608
4970
250698
455522
351687
10529
443769
504688
236190
319124
64435
614033
722481
606015
77326
214642
126622
685053
718620
212369
507840
429277
76559
587553
744619
651220
264571
504629
475173
78051
578978
40044
145780
531299
139581
1156
268708
575114
519594
555125
251920
430751
504429
76057
401962
455718
494703
522478
690249
534010
352893
435545
561150
449032
585410
526534
367096
479093
312650
472119
139866
678265
523100
606021
365393
213960
107527
670612
373825
545991
267331
507048
27619
406567
440911
14661
464431
677239
370621
64623
729735
314412
165968
496135
503526
266999
89136
57895
668591
642199
633846
399379
152239
55212
246471
376350
639790
652639
115785
367420
616164
47986
139523
385361
581768
512666
395000
539566
309453
550181
73080
405505
358356
695356
268913
523510
164593
304685
251208
531148
235839
328011
314143
590115
140028
570764
520699
371105
503328
615141
313966
173326
291133
640617
364117
180508
347451
609713
10958
417765
372865
328451
142896
168173
127432
225039
4793
558092
730681
519968
17046
267393
667753
232855
320567
590926
742932
459229
583517
77320
710355
25702
213764
448470
315335
435696
271863
405734
459518
111917
529560
644430
528758
343361
558786
681775
385007
202289
655322
256387
145725
657893
52401
47060
633590
526147
225042
437366
367498
690823
87340
146525
688854
342767
354046
3701
17392
690697
720441
60981
55568
137658
730929
620570
685018
570984
325111
701884
396895
510226
632689
385566
694553
579996
198586
433023
57236
416295
532110
578935
421743
493606
415220
503334
322563
116939
412673
615019
416346
598895
469872
16428
83965
690778
598535
346320
397745
338107
556375
78117
229631
619500
109472
534151
209128
326958
266068
28298
741344
176731
318864
605660
649080
167663
515626
552039
695645
256877
70051
600273
659837
690579
685051
744860
662928
135449
737520
579929
392473
166374
145817
421872
364054
554986
376414
169443
668858
101446
476611
133506
124432
472801
32701
384871
572340
7630
351233
199635
523904
135809
308540
172549
129148
111636
73191
530347
631750
471111
526789
264767
691561
357336
222651
505217
158005
373890
107431
526272
728200
11601
448816
652746
504790
574757
154306
506614
195719
17389
717466
550306
201429
502658
255227
533031
110853
292948
3779
7651
233050
201056
225360
701570
128170
602696
557502
519495
702851
467255
127350
690047
650481
647255
680740
424948
483674
271038
632044
476978
122287
374315
574341
711116
65655
739425
735388
579497
80985
350337
74548
68679
415143
154466
596535
158017
271975
375942
617435
384627
179258
230864
575356
450443
526955
270846
137765
437304
631047
452412
620260
3559
111609
714661
513458
475566
315450
472179
433025
596778
406822
511875
131623
346707
320718
533069
191587
101059
79871
82341
581567
297706
509183
176471
630652
738602
141907
351851
701556
35385
509423
218268
690386
394637
137737
526173
104922
65415
120942
371109
368225
352125
293310
555113
219917
707896
159148
385188
497284
472221
116994
509081
79455
487512
541476
716699
250053
618501
614037
75262
370550
614466
571406
122511
564806
734823
454334
374310
660220
476683
396634
174451
513661
131852
158811
79028
574759
574618
513879
76641
491218
109115
322179
475537
151958
69392
440745
335717
566348
375046
589770
359374
734817
125382
659618
557416
598417
569142
105117
717431
705578
493156
28322
650697
476148
480440
694533
593831
130078
48054
342922
246865
585397
574747
587184
106182
630462
285932
226183
171876
587740
23744
202895
91736
519548
269158
673673
310776
49153
670439
45680
62720
140984
100519
392116
622406
89548
582697
653050
602112
580616
338473
670616
256419
693638
590113
543105
422031
181351
516293
228068
606024
666017
198952
147719
413743
48110
501219
510459
52040
476738
388191
52039
594825
164157
504637
176034
26355
158826
302064
132998
20290
483954
573292
652672
304960
