100269
100270
100290
100294
100334
101879
101882
101888
101889
101890
102784
103348
105759
105846
105847
105848
105849
106081
106210
109436
109439
109451
11149
11150
11151
11152
118794
118795
118796
11960
11961
123540
137179
137188
141808
141809
155109
155111
155112
1594
1595
161769
166718
173754
173757
173862
173863
17453
1748
1749
175572
175573
175574
177689
177690
177691
177694
177695
177710
177909
177916
177917
177948
177949
177953
177954
178006
178010
178011
178032
178064
178323
178324
178325
178326
178327
178328
178329
178330
178337
178338
178339
178354
178357
178358
178360
178361
178362
178381
178382
178661
178664
178665
178677
178678
178679
178917
178923
179421
179422
179423
179424
179439
179440
179569
179693
179694
180132
180133
180134
180135
181236
181237
181238
181254
181343
181344
181345
181361
181362
181618
1818
1820
1826
1827
187415
202037
202039
202157
210441
212062
222438
223028
223029
223842
228094
244496
244671
244672
247572
247586
247587
256012
258622
258918
26596
266365
267116
267117
267118
267119
267120
267121
267154
267155
271541
271542
271764
297541
300900
300901
304812
304860
305076
305077
305079
328724
328733
328734
328738
328743
333221
34501
34518
356073
356074
356481
373745
373746
376119
376751
383526
383527
390546
390547
390548
390549
404266
404327
404341
404342
404343
404344
404366
404367
404453
405003
405004
41363
418416
427060
427061
427062
438683
438688
438691
438697
438698
438699
448148
448149
448168
448169
448171
448172
448173
448181
448211
448219
448226
448239
448240
448248
448253
448276
448283
448290
448305
448306
448311
448312
448318
458214
458217
458218
458219
458220
463233
478175
486932
486933
486934
486935
493332
49340
49353
49354
49380
49385
49386
49392
49393
49394
49395
49402
49407
49408
49409
49410
49412
49414
49520
49521
49522
49523
49575
49576
49578
49579
49580
49581
49582
49583
49608
49609
49625
49626
49627
49628
49629
49630
49631
49632
49633
49634
49635
49636
49637
49638
49639
49640
49641
49642
50262
5041
51568
51679
51687
51688
51919
51920
51921
51922
51949
51950
52022
52023
52039
52040
52046
52047
52048
52049
52231
524316
524317
52640
52641
52642
52643
52644
52645
52646
52647
53483
53484
53485
53486
53516
53517
53518
53519
53539
53540
53627
53765
537795
541127
541128
54186
5422
5423
5424
5425
54353
54355
545698
545701
54694
555241
555242
567767
571654
571655
571656
571657
584114
58824
58825
593071
593075
593077
606262
610929
61909
61910
61921
624420
624441
624442
624443
624444
632870
634032
634155
64110
64111
642514
660558
668917
668963
672989
673359
673365
673366
673369
687239
687240
687365
696277
696278
696279
696280
706503
715095
716563
717057
717129
717130
717132
717143
717157
717161
717178
717179
717335
717336
717337
717342
717345
719438
719440
719441
719443
724246
737121
73809
74677
74680
748974
753236
753237
753238
79270
94191
94192
pt_717345_64111
