100291
101880
102599
102783
103376
105123
105124
105125
105764
107562
110829
110830
11153
117744
117767
118793
127353
166720
166721
175575
177692
177693
177858
177859
177860
177861
177908
177950
177952
178042
178043
178044
178045
178048
178049
178050
178051
178340
178635
178658
178675
178676
178926
178927
179370
179371
179441
179442
179453
179564
179570
180128
180129
181213
181342
181363
1816
181640
1819
1823
1824
1825
184658
24062
244497
244559
247578
267115
267131
267156
27053
271488
271489
271490
271491
271532
300899
301831
304793
304794
304804
304807
304809
304814
306915
306917
331101
331839
356072
373697
387397
391241
391242
404284
404285
404339
404340
404749
412128
41476
421872
427059
438677
438681
438696
448170
448176
448212
448229
448250
448254
448300
448315
448321
45716
47744
47759
47760
483411
493329
49355
49356
49362
49363
49378
49379
49381
49382
494716
49606
49607
5040
50598
50599
50621
50626
50629
51473
51530
51531
51699
51729
518240
52035
52036
52068
52069
520998
520999
521000
521001
52227
53487
53488
53764
541123
541126
541129
54193
54949
54950
54984
54985
55253
552854
5530
5532
55335
55336
55361
55362
55363
567768
571653
571658
593063
593076
612836
612837
614901
61918
61919
61957
622132
622133
64113
64212
642445
668637
668786
673360
684655
684656
685156
685157
687363
687364
68839
696275
696276
716859
717047
717148
717154
717339
719442
719476
719998
724247
726898
726899
734360
737150
73792
73793
74387
74512
74513
74610
90729
92
94199
94549
94557
94558
