100334
101879
101882
102784
105759
105846
105847
105848
105849
106081
109439
11149
11152
118794
118795
118796
123540
137179
137188
141808
173754
173757
17453
1749
175574
177690
177691
177694
177695
177710
177909
177916
177917
177949
177953
178339
178354
178362
178665
178677
178678
178679
178923
179421
179422
179423
179424
179439
179440
179569
179693
179694
180133
180134
181236
181343
181362
181618
1818
1820
1826
1827
202037
202157
210441
212062
223842
244496
247572
247586
26596
266365
267116
267155
271541
271542
271764
300900
300901
305077
333221
356073
376119
383526
383527
404341
404342
404343
405003
405004
427060
438683
438688
438697
448169
448171
448172
448211
448276
448283
448290
448312
458214
463233
486934
486935
493332
49340
49353
49354
49394
49395
49520
49521
49608
49625
49626
5041
51568
51679
51687
51688
52022
52023
52039
52046
52047
524316
524317
53483
53484
53485
53486
53516
53517
53518
53519
53539
53540
53627
53765
537795
541127
541128
54355
545698
545701
54694
567767
571654
571657
584114
58824
58825
593077
610929
61909
624420
624442
634155
64110
64111
660558
672989
673359
673369
687239
687240
696277
696278
696279
696280
717057
717129
717130
717143
717342
719438
719441
724246
73809
74677
753236
79270
94191
