103348
109451
11150
11151
11961
141809
155111
1594
1595
161769
166718
173862
173863
1748
175572
175573
177689
177948
177954
178006
178010
178011
178032
178064
178324
178326
178328
178330
178337
178338
178382
178661
178664
178917
180132
180135
181237
181238
181254
181344
181345
181361
187415
223028
223029
247587
267154
297541
304812
304860
328734
34501
34518
356481
373745
373746
390547
390549
404327
404344
404453
41363
418416
427061
427062
448168
448305
448311
448318
458217
458218
458219
458220
486932
486933
49380
49385
49386
49392
49393
49407
49408
49409
49410
49412
49414
49522
49523
49576
49579
49581
49609
49627
49629
49631
49633
49635
49637
49639
49641
50262
51919
51921
51922
51949
51950
52040
52049
52640
52641
52642
52644
52646
54186
54353
571655
571656
593071
593075
61921
624441
632870
634032
642514
673365
673366
717157
717161
717336
719440
719443
737121
74680
753237
753238
94192
pt_717345_64111
