100269
100270
100290
100291
100294
100334
101879
101880
101882
101888
101889
101890
102599
102783
102784
103348
103376
105123
105124
105125
105759
105764
105846
105847
105848
105849
106081
106210
107562
109436
109439
109451
110829
110830
11149
11150
11151
11152
11153
117744
117767
118793
118794
118795
118796
11960
11961
123540
127353
137179
137188
141808
141809
155109
155111
155112
1594
1595
161769
166718
166720
166721
173754
173757
173862
173863
17453
1748
1749
175572
175573
175574
175575
177689
177690
177691
177692
177693
177694
177695
177710
177858
177859
177860
177861
177908
177909
177916
177917
177948
177949
177950
177952
177953
177954
178006
178010
178011
178032
178042
178043
178044
178045
178048
178049
178050
178051
178064
178323
178324
178325
178326
178327
178328
178329
178330
178337
178338
178339
178340
178354
178357
178358
178360
178361
178362
178381
178382
178635
178658
178661
178664
178665
178675
178676
178677
178678
178679
178917
178923
178926
178927
179370
179371
179421
179422
179423
179424
179439
179440
179441
179442
179453
179564
179569
179570
179693
179694
180128
180129
180132
180133
180134
180135
181213
181236
181237
181238
181254
181342
181343
181344
181345
181361
181362
181363
1816
181618
181640
1818
1819
1820
1823
1824
1825
1826
1827
184658
187415
202037
202039
202157
210441
212062
222438
223028
223029
223842
228094
24062
244496
244497
244559
244671
244672
247572
247578
247586
247587
256012
258622
258918
26596
266365
267115
267116
267117
267118
267119
267120
267121
267131
267154
267155
267156
27053
271488
271489
271490
271491
271532
271541
271542
271764
297541
300899
300900
300901
301831
304793
304794
304804
304807
304809
304812
304814
304860
305076
305077
305079
306915
306917
328724
328733
328734
328738
328743
331101
331839
333221
34501
34518
356072
356073
356074
356481
373697
373745
373746
376119
376751
383526
383527
387397
390546
390547
390548
390549
391241
391242
404266
404284
404285
404327
404339
404340
404341
404342
404343
404344
404366
404367
404453
404749
405003
405004
412128
41363
41476
418416
421872
427059
427060
427061
427062
438677
438681
438683
438688
438691
438696
438697
438698
438699
448148
448149
448168
448169
448170
448171
448172
448173
448176
448181
448211
448212
448219
448226
448229
448239
448240
448248
448250
448253
448254
448276
448283
448290
448300
448305
448306
448311
448312
448315
448318
448321
45716
458214
458217
458218
458219
458220
463233
47744
47759
47760
478175
483411
486932
486933
486934
486935
493329
493332
49340
49353
49354
49355
49356
49362
49363
49378
49379
49380
49381
49382
49385
49386
49392
49393
49394
49395
49402
49407
49408
49409
49410
49412
49414
494716
49520
49521
49522
49523
49575
49576
49578
49579
49580
49581
49582
49583
49606
49607
49608
49609
49625
49626
49627
49628
49629
49630
49631
49632
49633
49634
49635
49636
49637
49638
49639
49640
49641
49642
50262
5040
5041
50598
50599
50621
50626
50629
51473
51530
51531
51568
51679
51687
51688
51699
51729
518240
51919
51920
51921
51922
51949
51950
52022
52023
52035
52036
52039
52040
52046
52047
52048
52049
52068
52069
520998
520999
521000
521001
52227
52231
524316
524317
52640
52641
52642
52643
52644
52645
52646
52647
53483
53484
53485
53486
53487
53488
53516
53517
53518
53519
53539
53540
53627
53764
53765
537795
541123
541126
541127
541128
541129
54186
54193
5422
5423
5424
5425
54353
54355
545698
545701
54694
54949
54950
54984
54985
55253
552854
5530
5532
55335
55336
55361
55362
55363
555241
555242
567767
567768
571653
571654
571655
571656
571657
571658
584114
58824
58825
593063
593071
593075
593076
593077
606262
610929
612836
612837
614901
61909
61910
61918
61919
61921
61957
622132
622133
624420
624441
624442
624443
624444
632870
634032
634155
64110
64111
64113
64212
642445
642514
660558
668637
668786
668917
668963
672989
673359
673360
673365
673366
673369
684655
684656
685156
685157
687239
687240
687363
687364
687365
68839
696275
696276
696277
696278
696279
696280
706503
715095
716563
716859
717047
717057
717129
717130
717132
717143
717148
717154
717157
717161
717178
717179
717335
717336
717337
717339
717342
717345
719438
719440
719441
719442
719443
719476
719998
724246
724247
726898
726899
734360
737121
737150
73792
73793
73809
74387
74512
74513
74610
74677
74680
748974
753236
753237
753238
79270
90729
92
94191
94192
94199
94549
94557
94558
pt_717345_64111
