100269
100270
100290
100294
101888
101889
101890
103348
106210
109436
109451
11150
11151
11960
11961
141809
155109
155111
155112
1594
1595
161769
166718
173862
173863
1748
175572
175573
177689
177948
177954
178006
178010
178011
178032
178064
178323
178324
178325
178326
178327
178328
178329
178330
178337
178338
178357
178358
178360
178361
178381
178382
178661
178664
178917
180132
180135
181237
181238
181254
181344
181345
181361
187415
202039
222438
223028
223029
228094
244671
244672
247587
256012
258622
258918
267117
267118
267119
267120
267121
267154
297541
304812
304860
305076
305079
328724
328733
328734
328738
328743
34501
34518
356074
356481
373745
373746
376751
390546
390547
390548
390549
404266
404327
404344
404366
404367
404453
41363
418416
427061
427062
438691
438698
438699
448148
448149
448168
448173
448181
448219
448226
448239
448240
448248
448253
448305
448306
448311
448318
458217
458218
458219
458220
478175
486932
486933
49380
49385
49386
49392
49393
49402
49407
49408
49409
49410
49412
49414
49522
49523
49575
49576
49578
49579
49580
49581
49582
49583
49609
49627
49628
49629
49630
49631
49632
49633
49634
49635
49636
49637
49638
49639
49640
49641
49642
50262
51919
51920
51921
51922
51949
51950
52040
52048
52049
52231
52640
52641
52642
52643
52644
52645
52646
52647
54186
5422
5423
5424
5425
54353
555241
555242
571655
571656
593071
593075
606262
61910
61921
624441
624443
624444
632870
634032
642514
668917
668963
673365
673366
687365
706503
715095
716563
717132
717157
717161
717178
717179
717335
717336
717337
717345
719440
719443
737121
74680
748974
753237
753238
94192
pt_717345_64111
