564425
566476
152942
564300
386390
386419
386421
636403
635969
124553
575523
575525
575527
575529
575531
575533
575535
575537
575539
575541
575543
565674
565676
612862
612864
612883
612221
612219
333027
354268
526733
606782
543775
580503
153967
562040
562038
562036
562034
562032
562030
581889
211850
544105
360306
360304
360302
360275
69614
360277
360333
71978
324246
20297
20298
250480
86177
664759
682566
505430
434425
488945
601568
489287
194291
194290
489004
488978
682588
682575
250479
250485
488814
434346
434342
434343
541195
541196
541186
543792
57098
57100
510947
510943
510945
590103
590105
590173
222083
222078
222079
222124
222105
419672
535478
222091
222093
222095
222097
222099
222101
222103
717831
717829
593362
593360
593358
593356
368275
368278
268552
268553
268554
414639
592827
592825
592823
592821
592819
616176
651432
474288
616177
616178
616148
616168
616170
616172
124560
124558
590831
153974
590890
343628
