110827
110828
110829
110830
118283
118286
120920
120921
120925
120927
130806
130807
134191
136250
136251
137924
174131
176837
18625
201301
210898
222438
223028
223029
26328
267117
271100
271101
27394
275157
275158
275159
275160
275161
275162
276630
276631
276632
276633
276634
276635
276637
276666
277935
277936
277967
277973
279133
279134
279135
279136
279137
279138
279143
281098
281142
281143
281159
291252
291253
291254
294328
300165
300168
309450
314840
314841
314991
314992
314993
314994
314995
314996
314997
315019
315020
315069
315070
315071
315072
325686
325687
328222
336349
34278
34279
342965
342966
362188
362837
405003
405004
430517
43353
43354
43355
43356
43357
43358
435473
447513
447520
447522
448276
448290
448300
448305
448318
448321
448325
448327
453795
453796
454988
454989
454990
454991
454994
454995
455285
455287
455288
455291
473539
486562
486563
48945
48946
48947
48948
48949
48950
48951
506499
513582
513585
513589
52752
52753
52754
52755
52756
52757
52782
52824
52825
52826
52827
52828
530226
530227
535036
535037
535040
535070
54331
54332
546576
586634
586637
586638
586640
586641
604074
604075
604076
606875
607752
607754
607755
607756
607759
607760
607780
607789
610881
610928
610929
61487
61535
61536
61537
617706
617707
617710
617711
61910
61921
61952
638246
638247
638248
638249
638250
638251
640846
640847
640848
640858
640859
640860
640861
640885
640886
640887
657012
657350
657351
657352
657353
657354
657355
657937
657938
657973
657974
657975
657976
658393
658394
658886
660855
660982
661644
661645
661648
661849
661850
661851
661852
661854
661855
661856
661857
661858
661859
661860
661861
661862
661863
674367
674368
674369
674370
675747
675748
675754
675755
686960
686961
686962
686963
686964
686965
686966
714369
71651
718117
71941
71979
71983
71984
721710
721711
724010
724246
724247
725652
726412
726413
739128
739129
739130
742682
742683
742684
744821
744831
744866
746963
748984
753237
753239
87396
93606
93607
93608
94418
94654
94655
94656